$MeshFormat
2.2 0 8
$EndMeshFormat
$PhysicalNames
8
0 7 "PointLeft"
0 8 "PointRight"
1 2 "bottom"
1 3 "right"
1 4 "top"
1 5 "left"
1 6 "frac"
2 1 "Omega"
$EndPhysicalNames
$Nodes
181
1 0 0 0
2 10 0 0
3 10 10 0
4 0 10 0
5 0 5 0
6 7.2 6.8 0
7 1.249999999996941 0 0
8 2.499999999992752 0 0
9 3.749999999988787 0 0
10 4.9999999999858 0 0
11 6.249999999989582 0 0
12 7.499999999993364 0 0
13 8.749999999997899 0 0
14 10 1.249999999996941 0
15 10 2.499999999992752 0
16 10 3.749999999988787 0
17 10 4.9999999999858 0
18 10 6.249999999989582 0
19 10 7.499999999993364 0
20 10 8.749999999997899 0
21 8.7500000000028 10 0
22 7.50000000000761 10 0
23 6.250000000010303 10 0
24 5.000000000012507 10 0
25 3.750000000008785 10 0
26 2.500000000005479 10 0
27 1.250000000003901 10 0
28 0 9.375000000003045 0
29 0 8.750000000005651 0
30 0 8.125000000007688 0
31 0 7.500000000008057 0
32 0 6.875000000005871 0
33 0 6.250000000006646 0
34 0 5.625000000003328 0
35 0 4.3750000000014 0
36 0 3.750000000003805 0
37 0 3.125000000005151 0
38 0 2.500000000006254 0
39 0 1.875000000004392 0
40 0 1.25000000000274 0
41 0 0.6250000000019504 0
42 0.8999999999981018 5.224999999999525 0
43 1.79999999999571 5.449999999998927 0
44 2.699999999993017 5.674999999998255 0
45 3.599999999990422 5.899999999997606 0
46 4.499999999993013 6.124999999998253 0
47 5.399999999994814 6.349999999998703 0
48 6.299999999998094 6.574999999999523 0
49 8.6 8.4 0
50 8.6 3.4 0
51 4.299999999988111 2.950000000001929 0
52 4.300000000001464 7.950000000002832 0
53 9.300000000000001 4.1999999999929 0
54 9.300000000000001 1.7 0
55 9.300000000000001 6.6999999999929 0
56 8.6 5.9 0
57 9.300000000000001 9.199999999999999 0
58 7.9 7.6 0
59 7.9 5.1 0
60 4.649999999986955 1.475000000000965 0
61 2.149999999994055 2.725000000004091 0
62 2.324999999993404 1.362500000001852 0
63 6.449999999994056 3.175000000000964 0
64 6.97499999999371 1.587500000000482 0
65 3.949999999989266 4.424999999999768 0
66 5.924999999994435 4.762499999999834 0
67 1.974999999994883 4.087500000001849 0
68 6.450000000000732 8.175000000001416 0
69 3.949999999995943 6.925000000000219 0
70 5.924999999997773 7.26250000000006 0
71 4.650000000006986 8.975000000001415 0
72 6.975000000004171 9.087500000000709 0
73 2.150000000000732 7.725000000005444 0
74 2.325000000003106 8.862500000003532 0
75 1.974999999998221 6.587500000003494 0
76 9.65 2.099999999996376 0
77 9.65 0.85 0
78 9.65 3.349999999992826 0
79 9.300000000000001 2.94999999999645 0
80 9.65 4.59999999998935 0
81 8.949999999999999 3.79999999999645 0
82 8.949999999999999 2.55 0
83 9.65 5.84999999998935 0
84 9.300000000000001 5.4499999999929 0
85 8.949999999999999 6.29999999999645 0
86 8.949999999999999 5.04999999999645 0
87 8.949999999999999 7.54999999999645 0
88 8.6 7.15 0
89 8.6 4.65 0
90 9.65 7.099999999993132 0
91 9.65 8.349999999996681 0
92 9.300000000000001 7.94999999999645 0
93 9.65 9.6 0
94 8.949999999999999 8.800000000000001 0
95 8.25 5.5 0
96 8.25 4.25 0
97 8.25 6.75 0
98 7.9 6.35 0
99 8.25 8 0
100 7.550000000000001 7.199999999999999 0
101 7.550000000000001 5.949999999999999 0
102 2.412499999993078 0.6812500000009261 0
103 1.162499999996702 1.306250000002296 0
104 1.206249999996821 0.6531250000014382 0
105 4.824999999986377 0.7375000000004823 0
106 3.487499999990179 1.418750000001408 0
107 3.618749999989483 0.7093750000007042 0
108 4.474999999987533 2.212500000001447 0
109 3.224999999991083 2.83750000000301 0
110 2.237499999993729 2.043750000002972 0
111 3.356249999990632 2.12812500000221 0
112 1.074999999997028 2.612500000005173 0
113 1.118749999996865 1.959375000003682 0
114 7.237499999993537 0.7937500000002411 0
115 5.812499999990333 1.531250000000723 0
116 6.031249999989958 0.7656250000003617 0
117 8.137499999996855 1.643750000000241 0
118 8.443749999997376 0.8218750000001205 0
119 7.524999999997028 3.287500000000482 0
120 6.712499999993883 2.381250000000724 0
121 7.831249999996941 2.465625000000362 0
122 5.374999999991083 3.062500000001447 0
123 5.593749999990708 2.296875000001085 0
124 6.187499999994245 3.968750000000399 0
125 4.937499999991851 4.593749999999801 0
126 4.124999999988688 3.687500000000849 0
127 5.156249999991467 3.828125000000624 0
128 6.912499999997218 4.931249999999917 0
129 7.218749999997122 4.1093750000002 0
130 5.662499999994624 5.556249999999268 0
131 6.606249999997656 5.753124999999719 0
132 3.774999999989844 5.162499999998687 0
133 4.718749999992433 5.359374999999027 0
134 2.062499999994469 3.40625000000297 0
135 0.9874999999974414 3.918750000002827 0
136 1.031249999997235 3.265625000004061 0
137 2.962499999992074 4.256250000000808 0
138 3.093749999991578 3.546875000001909 0
139 1.887499999995297 4.768750000000388 0
140 2.831249999992546 4.965624999999531 0
141 0.9437499999977716 4.571875000000925 0
142 6.912499999998887 7.43125000000003 0
143 5.662499999996294 6.806249999999381 0
144 6.60624999999849 7.003124999999777 0
145 7.525000000000366 8.287500000000708 0
146 6.187499999999252 7.718750000000738 0
147 7.218749999999627 7.859375000000369 0
148 5.375000000001098 8.062500000002125 0
149 4.124999999998703 7.437500000001526 0
150 4.937499999996858 7.093750000000139 0
151 5.156249999998978 7.578125000001132 0
152 3.774999999993182 6.412499999998913 0
153 4.718749999994936 6.609374999999195 0
154 8.137500000002087 9.143750000000354 0
155 6.712500000002452 8.631250000001064 0
156 7.831250000001226 8.715625000000532 0
157 7.237500000005891 9.543750000000355 0
158 8.443750000002444 9.571875000000178 0
159 4.825000000009746 9.487500000000708 0
160 5.812500000005579 9.031250000001062 0
161 6.03125000000794 9.515625000000531 0
162 4.475000000004226 8.462500000002123 0
163 5.593750000003338 8.546875000001593 0
164 3.487500000005046 8.918750000002474 0
165 2.237500000001919 8.293750000004488 0
166 3.225000000001098 7.837500000004137 0
167 3.356250000003072 8.378125000003307 0
168 2.412500000004292 9.431250000001766 0
169 3.618750000006915 9.459375000001236 0
170 1.162500000001553 8.806250000004592 0
171 1.206250000002727 9.403125000002404 0
172 1.075000000000366 7.612500000006751 0
173 1.11875000000096 8.209375000006087 0
174 2.962499999997082 6.756250000001857 0
175 1.887499999996966 6.01875000000121 0
176 2.83124999999505 6.215625000000056 0
177 2.062499999999477 7.156250000004469 0
178 3.093749999999091 7.296875000002997 0
179 0.9874999999991106 6.418750000005071 0
180 1.031249999999738 7.01562500000517 0
181 0.9437499999986062 5.821875000002301 0
$EndNodes
$Elements
242
1 15 2 7 5 5
2 15 2 8 6 6
3 1 2 2 1 1 7
4 1 2 2 1 7 8
5 1 2 2 1 8 9
6 1 2 2 1 9 10
7 1 2 2 1 10 11
8 1 2 2 1 11 12
9 1 2 2 1 12 13
10 1 2 2 1 13 2
11 1 2 3 2 2 14
12 1 2 3 2 14 15
13 1 2 3 2 15 16
14 1 2 3 2 16 17
15 1 2 3 2 17 18
16 1 2 3 2 18 19
17 1 2 3 2 19 20
18 1 2 3 2 20 3
19 1 2 4 3 3 21
20 1 2 4 3 21 22
21 1 2 4 3 22 23
22 1 2 4 3 23 24
23 1 2 4 3 24 25
24 1 2 4 3 25 26
25 1 2 4 3 26 27
26 1 2 4 3 27 4
27 1 2 5 4 4 28
28 1 2 5 4 28 29
29 1 2 5 4 29 30
30 1 2 5 4 30 31
31 1 2 5 4 31 32
32 1 2 5 4 32 33
33 1 2 5 4 33 34
34 1 2 5 4 34 5
35 1 2 5 5 5 35
36 1 2 5 5 35 36
37 1 2 5 5 36 37
38 1 2 5 5 37 38
39 1 2 5 5 38 39
40 1 2 5 5 39 40
41 1 2 5 5 40 41
42 1 2 5 5 41 1
43 1 2 6 6 5 42
44 1 2 6 6 42 43
45 1 2 6 6 43 44
46 1 2 6 6 44 45
47 1 2 6 6 45 46
48 1 2 6 6 46 47
49 1 2 6 6 47 48
50 1 2 6 6 48 6
51 2 2 1 8 2 14 77
52 2 2 1 8 14 76 77
53 2 2 1 8 14 15 76
54 2 2 1 8 77 76 54
55 2 2 1 8 15 78 76
56 2 2 1 8 78 79 76
57 2 2 1 8 78 53 79
58 2 2 1 8 76 79 54
59 2 2 1 8 15 16 78
60 2 2 1 8 16 80 78
61 2 2 1 8 16 17 80
62 2 2 1 8 78 80 53
63 2 2 1 8 54 79 82
64 2 2 1 8 79 81 82
65 2 2 1 8 79 53 81
66 2 2 1 8 82 81 50
67 2 2 1 8 17 83 80
68 2 2 1 8 83 84 80
69 2 2 1 8 83 55 84
70 2 2 1 8 80 84 53
71 2 2 1 8 55 85 84
72 2 2 1 8 85 86 84
73 2 2 1 8 85 56 86
74 2 2 1 8 84 86 53
75 2 2 1 8 55 87 85
76 2 2 1 8 87 88 85
77 2 2 1 8 87 49 88
78 2 2 1 8 85 88 56
79 2 2 1 8 53 86 81
80 2 2 1 8 86 89 81
81 2 2 1 8 86 56 89
82 2 2 1 8 81 89 50
83 2 2 1 8 17 18 83
84 2 2 1 8 18 90 83
85 2 2 1 8 18 19 90
86 2 2 1 8 83 90 55
87 2 2 1 8 19 91 90
88 2 2 1 8 91 92 90
89 2 2 1 8 91 57 92
90 2 2 1 8 90 92 55
91 2 2 1 8 19 20 91
92 2 2 1 8 20 93 91
93 2 2 1 8 20 3 93
94 2 2 1 8 91 93 57
95 2 2 1 8 55 92 87
96 2 2 1 8 92 94 87
97 2 2 1 8 92 57 94
98 2 2 1 8 87 94 49
99 2 2 1 8 50 89 96
100 2 2 1 8 89 95 96
101 2 2 1 8 89 56 95
102 2 2 1 8 96 95 59
103 2 2 1 8 56 97 95
104 2 2 1 8 97 98 95
105 2 2 1 8 97 58 98
106 2 2 1 8 95 98 59
107 2 2 1 8 56 88 97
108 2 2 1 8 88 99 97
109 2 2 1 8 88 49 99
110 2 2 1 8 97 99 58
111 2 2 1 8 59 98 101
112 2 2 1 8 98 100 101
113 2 2 1 8 98 58 100
114 2 2 1 8 101 100 6
115 3 2 1 8 1 7 104 41
116 3 2 1 8 7 8 102 104
117 3 2 1 8 104 102 62 103
118 3 2 1 8 41 104 103 40
119 3 2 1 8 8 9 107 102
120 3 2 1 8 9 10 105 107
121 3 2 1 8 107 105 60 106
122 3 2 1 8 102 107 106 62
123 3 2 1 8 62 106 111 110
124 3 2 1 8 106 60 108 111
125 3 2 1 8 111 108 51 109
126 3 2 1 8 110 111 109 61
127 3 2 1 8 40 103 113 39
128 3 2 1 8 103 62 110 113
129 3 2 1 8 113 110 61 112
130 3 2 1 8 39 113 112 38
131 3 2 1 8 10 11 116 105
132 3 2 1 8 11 12 114 116
133 3 2 1 8 116 114 64 115
134 3 2 1 8 105 116 115 60
135 3 2 1 8 12 13 118 114
136 3 2 1 8 13 2 77 118
137 3 2 1 8 118 77 54 117
138 3 2 1 8 114 118 117 64
139 3 2 1 8 64 117 121 120
140 3 2 1 8 117 54 82 121
141 3 2 1 8 121 82 50 119
142 3 2 1 8 120 121 119 63
143 3 2 1 8 60 115 123 108
144 3 2 1 8 115 64 120 123
145 3 2 1 8 123 120 63 122
146 3 2 1 8 108 123 122 51
147 3 2 1 8 51 122 127 126
148 3 2 1 8 122 63 124 127
149 3 2 1 8 127 124 66 125
150 3 2 1 8 126 127 125 65
151 3 2 1 8 63 119 129 124
152 3 2 1 8 119 50 96 129
153 3 2 1 8 129 96 59 128
154 3 2 1 8 124 129 128 66
155 3 2 1 8 66 128 131 130
156 3 2 1 8 128 59 101 131
157 3 2 1 8 131 101 6 48
158 3 2 1 8 130 131 48 47
159 3 2 1 8 65 125 133 132
160 3 2 1 8 125 66 130 133
161 3 2 1 8 133 130 47 46
162 3 2 1 8 132 133 46 45
163 3 2 1 8 38 112 136 37
164 3 2 1 8 112 61 134 136
165 3 2 1 8 136 134 67 135
166 3 2 1 8 37 136 135 36
167 3 2 1 8 61 109 138 134
168 3 2 1 8 109 51 126 138
169 3 2 1 8 138 126 65 137
170 3 2 1 8 134 138 137 67
171 3 2 1 8 67 137 140 139
172 3 2 1 8 137 65 132 140
173 3 2 1 8 140 132 45 44
174 3 2 1 8 139 140 44 43
175 3 2 1 8 36 135 141 35
176 3 2 1 8 135 67 139 141
177 3 2 1 8 141 139 43 42
178 3 2 1 8 35 141 42 5
179 3 2 1 8 6 100 144 48
180 3 2 1 8 100 58 142 144
181 3 2 1 8 144 142 70 143
182 3 2 1 8 48 144 143 47
183 3 2 1 8 58 99 147 142
184 3 2 1 8 99 49 145 147
185 3 2 1 8 147 145 68 146
186 3 2 1 8 142 147 146 70
187 3 2 1 8 70 146 151 150
188 3 2 1 8 146 68 148 151
189 3 2 1 8 151 148 52 149
190 3 2 1 8 150 151 149 69
191 3 2 1 8 47 143 153 46
192 3 2 1 8 143 70 150 153
193 3 2 1 8 153 150 69 152
194 3 2 1 8 46 153 152 45
195 3 2 1 8 49 94 156 145
196 3 2 1 8 94 57 154 156
197 3 2 1 8 156 154 72 155
198 3 2 1 8 145 156 155 68
199 3 2 1 8 57 93 158 154
200 3 2 1 8 93 3 21 158
201 3 2 1 8 158 21 22 157
202 3 2 1 8 154 158 157 72
203 3 2 1 8 72 157 161 160
204 3 2 1 8 157 22 23 161
205 3 2 1 8 161 23 24 159
206 3 2 1 8 160 161 159 71
207 3 2 1 8 68 155 163 148
208 3 2 1 8 155 72 160 163
209 3 2 1 8 163 160 71 162
210 3 2 1 8 148 163 162 52
211 3 2 1 8 52 162 167 166
212 3 2 1 8 162 71 164 167
213 3 2 1 8 167 164 74 165
214 3 2 1 8 166 167 165 73
215 3 2 1 8 71 159 169 164
216 3 2 1 8 159 24 25 169
217 3 2 1 8 169 25 26 168
218 3 2 1 8 164 169 168 74
219 3 2 1 8 74 168 171 170
220 3 2 1 8 168 26 27 171
221 3 2 1 8 171 27 4 28
222 3 2 1 8 170 171 28 29
223 3 2 1 8 73 165 173 172
224 3 2 1 8 165 74 170 173
225 3 2 1 8 173 170 29 30
226 3 2 1 8 172 173 30 31
227 3 2 1 8 45 152 176 44
228 3 2 1 8 152 69 174 176
229 3 2 1 8 176 174 75 175
230 3 2 1 8 44 176 175 43
231 3 2 1 8 69 149 178 174
232 3 2 1 8 149 52 166 178
233 3 2 1 8 178 166 73 177
234 3 2 1 8 174 178 177 75
235 3 2 1 8 75 177 180 179
236 3 2 1 8 177 73 172 180
237 3 2 1 8 180 172 31 32
238 3 2 1 8 179 180 32 33
239 3 2 1 8 43 175 181 42
240 3 2 1 8 175 75 179 181
241 3 2 1 8 181 179 33 34
242 3 2 1 8 42 181 34 5
$EndElements
